#       zbin          dl
#
        0.01       30.31
        0.02       61.07
        0.03       92.27
        0.04       123.9
        0.05         156
        0.06       188.5
        0.07       221.4
        0.08       254.8
        0.09       288.6
         0.1       322.8
        0.11       357.4
        0.12       392.4
        0.13       427.8
        0.14       463.6
        0.15       499.8
        0.16       536.3
        0.17       573.3
        0.18       610.6
        0.19       648.3
         0.2       686.4
        0.21       724.9
        0.22       763.7
        0.23       802.8
        0.24       842.3
        0.25       882.2
        0.26       922.4
        0.27       962.9
        0.28        1004
        0.29        1045
         0.3        1087
        0.31        1128
        0.32        1171
        0.33        1213
        0.34        1256
        0.35        1299
        0.36        1342
        0.37        1386
        0.38        1430
        0.39        1474
         0.4        1519
        0.41        1564
        0.42        1609
        0.43        1654
        0.44        1700
        0.45        1746
        0.46        1792
        0.47        1839
        0.48        1885
        0.49        1933
         0.5        1980
        0.51        2027
        0.52        2075
        0.53        2123
        0.54        2171
        0.55        2220
        0.56        2269
        0.57        2318
        0.58        2367
        0.59        2416
         0.6        2466
        0.61        2516
        0.62        2566
        0.63        2616
        0.64        2667
        0.65        2717
        0.66        2768
        0.67        2819
        0.68        2871
        0.69        2922
         0.7        2974
        0.71        3026
        0.72        3078
        0.73        3130
        0.74        3183
        0.75        3236
        0.76        3288
        0.77        3342
        0.78        3395
        0.79        3448
         0.8        3502
        0.81        3556
        0.82        3610
        0.83        3664
        0.84        3718
        0.85        3772
        0.86        3827
        0.87        3882
        0.88        3937
        0.89        3992
         0.9        4047
        0.91        4103
        0.92        4158
        0.93        4214
        0.94        4270
        0.95        4326
        0.96        4382
        0.97        4438
        0.98        4495
        0.99        4551
           1        4608
        1.01        4665
        1.02        4722
        1.03        4779
        1.04        4837
        1.05        4894
        1.06        4952
        1.07        5009
        1.08        5067
        1.09        5125
         1.1        5183
        1.11        5242
        1.12        5300
        1.13        5358
        1.14        5417
        1.15        5476
        1.16        5535
        1.17        5594
        1.18        5653
        1.19        5712
         1.2        5771
        1.21        5831
        1.22        5890
        1.23        5950
        1.24        6009
        1.25        6069
        1.26        6129
        1.27        6189
        1.28        6250
        1.29        6310
         1.3        6370
        1.31        6431
        1.32        6492
        1.33        6552
        1.34        6613
        1.35        6674
        1.36        6735
        1.37        6796
        1.38        6857
        1.39        6919
         1.4        6980
        1.41        7042
        1.42        7103
        1.43        7165
        1.44        7227
        1.45        7289
        1.46        7351
        1.47        7413
        1.48        7475
        1.49        7537
         1.5        7600
        1.51        7662
        1.52        7725
        1.53        7787
        1.54        7850
        1.55        7913
        1.56        7976
        1.57        8038
        1.58        8101
        1.59        8165
         1.6        8228
        1.61        8291
        1.62        8354
        1.63        8418
        1.64        8481
        1.65        8545
        1.66        8609
        1.67        8672
        1.68        8736
        1.69        8800
         1.7        8864
        1.71        8928
        1.72        8992
        1.73        9057
        1.74        9121
        1.75        9185
        1.76        9250
        1.77        9314
        1.78        9379
        1.79        9443
         1.8        9508
        1.81        9573
        1.82        9638
        1.83        9703
        1.84        9768
        1.85        9833
        1.86        9898
        1.87        9963
        1.88   1.003e+04
        1.89   1.009e+04
         1.9   1.016e+04
        1.91   1.022e+04
        1.92   1.029e+04
        1.93   1.036e+04
        1.94   1.042e+04
        1.95   1.049e+04
        1.96   1.055e+04
        1.97   1.062e+04
        1.98   1.068e+04
        1.99   1.075e+04
           2   1.082e+04
        2.01   1.088e+04
        2.02   1.095e+04
        2.03   1.102e+04
        2.04   1.108e+04
        2.05   1.115e+04
        2.06   1.121e+04
        2.07   1.128e+04
        2.08   1.135e+04
        2.09   1.141e+04
         2.1   1.148e+04
        2.11   1.155e+04
        2.12   1.161e+04
        2.13   1.168e+04
        2.14   1.175e+04
        2.15   1.181e+04
        2.16   1.188e+04
        2.17   1.195e+04
        2.18   1.202e+04
        2.19   1.208e+04
         2.2   1.215e+04
        2.21   1.222e+04
        2.22   1.228e+04
        2.23   1.235e+04
        2.24   1.242e+04
        2.25   1.249e+04
        2.26   1.255e+04
        2.27   1.262e+04
        2.28   1.269e+04
        2.29   1.276e+04
         2.3   1.283e+04
        2.31   1.289e+04
        2.32   1.296e+04
        2.33   1.303e+04
        2.34    1.31e+04
        2.35   1.316e+04
        2.36   1.323e+04
        2.37    1.33e+04
        2.38   1.337e+04
        2.39   1.344e+04
         2.4   1.351e+04
        2.41   1.357e+04
        2.42   1.364e+04
        2.43   1.371e+04
        2.44   1.378e+04
        2.45   1.385e+04
        2.46   1.392e+04
        2.47   1.398e+04
        2.48   1.405e+04
        2.49   1.412e+04
         2.5   1.419e+04
        2.51   1.426e+04
        2.52   1.433e+04
        2.53    1.44e+04
        2.54   1.447e+04
        2.55   1.454e+04
        2.56    1.46e+04
        2.57   1.467e+04
        2.58   1.474e+04
        2.59   1.481e+04
         2.6   1.488e+04
        2.61   1.495e+04
        2.62   1.502e+04
        2.63   1.509e+04
        2.64   1.516e+04
        2.65   1.523e+04
        2.66    1.53e+04
        2.67   1.537e+04
        2.68   1.544e+04
        2.69   1.551e+04
         2.7   1.557e+04
        2.71   1.564e+04
        2.72   1.571e+04
        2.73   1.578e+04
        2.74   1.585e+04
        2.75   1.592e+04
        2.76   1.599e+04
        2.77   1.606e+04
        2.78   1.613e+04
        2.79    1.62e+04
         2.8   1.627e+04
        2.81   1.634e+04
        2.82   1.641e+04
        2.83   1.648e+04
        2.84   1.655e+04
        2.85   1.662e+04
        2.86   1.669e+04
        2.87   1.676e+04
        2.88   1.683e+04
        2.89    1.69e+04
         2.9   1.698e+04
        2.91   1.705e+04
        2.92   1.712e+04
        2.93   1.719e+04
        2.94   1.726e+04
        2.95   1.733e+04
        2.96    1.74e+04
        2.97   1.747e+04
        2.98   1.754e+04
        2.99   1.761e+04
           3   1.768e+04
        3.01   1.775e+04
        3.02   1.782e+04
        3.03   1.789e+04
        3.04   1.797e+04
        3.05   1.804e+04
        3.06   1.811e+04
        3.07   1.818e+04
        3.08   1.825e+04
        3.09   1.832e+04
         3.1   1.839e+04
        3.11   1.846e+04
        3.12   1.853e+04
        3.13   1.861e+04
        3.14   1.868e+04
        3.15   1.875e+04
        3.16   1.882e+04
        3.17   1.889e+04
        3.18   1.896e+04
        3.19   1.903e+04
         3.2    1.91e+04
        3.21   1.918e+04
        3.22   1.925e+04
        3.23   1.932e+04
        3.24   1.939e+04
        3.25   1.946e+04
        3.26   1.953e+04
        3.27   1.961e+04
        3.28   1.968e+04
        3.29   1.975e+04
         3.3   1.982e+04
        3.31   1.989e+04
        3.32   1.997e+04
        3.33   2.004e+04
        3.34   2.011e+04
        3.35   2.018e+04
        3.36   2.025e+04
        3.37   2.033e+04
        3.38    2.04e+04
        3.39   2.047e+04
         3.4   2.054e+04
        3.41   2.061e+04
        3.42   2.069e+04
        3.43   2.076e+04
        3.44   2.083e+04
        3.45    2.09e+04
        3.46   2.098e+04
        3.47   2.105e+04
        3.48   2.112e+04
        3.49   2.119e+04
         3.5   2.126e+04
        3.51   2.134e+04
        3.52   2.141e+04
        3.53   2.148e+04
        3.54   2.155e+04
        3.55   2.163e+04
        3.56    2.17e+04
        3.57   2.177e+04
        3.58   2.185e+04
        3.59   2.192e+04
         3.6   2.199e+04
        3.61   2.206e+04
        3.62   2.214e+04
        3.63   2.221e+04
        3.64   2.228e+04
        3.65   2.236e+04
        3.66   2.243e+04
        3.67    2.25e+04
        3.68   2.257e+04
        3.69   2.265e+04
         3.7   2.272e+04
        3.71   2.279e+04
        3.72   2.287e+04
        3.73   2.294e+04
        3.74   2.301e+04
        3.75   2.309e+04
        3.76   2.316e+04
        3.77   2.323e+04
        3.78   2.331e+04
        3.79   2.338e+04
         3.8   2.345e+04
        3.81   2.353e+04
        3.82    2.36e+04
        3.83   2.367e+04
        3.84   2.375e+04
        3.85   2.382e+04
        3.86   2.389e+04
        3.87   2.397e+04
        3.88   2.404e+04
        3.89   2.411e+04
         3.9   2.419e+04
        3.91   2.426e+04
        3.92   2.433e+04
        3.93   2.441e+04
        3.94   2.448e+04
        3.95   2.455e+04
        3.96   2.463e+04
        3.97    2.47e+04
        3.98   2.478e+04
        3.99   2.485e+04
           4   2.492e+04
        4.01     2.5e+04
        4.02   2.507e+04
        4.03   2.515e+04
        4.04   2.522e+04
        4.05   2.529e+04
        4.06   2.537e+04
        4.07   2.544e+04
        4.08   2.552e+04
        4.09   2.559e+04
         4.1   2.566e+04
        4.11   2.574e+04
        4.12   2.581e+04
        4.13   2.589e+04
        4.14   2.596e+04
        4.15   2.603e+04
        4.16   2.611e+04
        4.17   2.618e+04
        4.18   2.626e+04
        4.19   2.633e+04
         4.2   2.641e+04
        4.21   2.648e+04
        4.22   2.655e+04
        4.23   2.663e+04
        4.24    2.67e+04
        4.25   2.678e+04
        4.26   2.685e+04
        4.27   2.693e+04
        4.28     2.7e+04
        4.29   2.708e+04
         4.3   2.715e+04
        4.31   2.722e+04
        4.32    2.73e+04
        4.33   2.737e+04
        4.34   2.745e+04
        4.35   2.752e+04
        4.36    2.76e+04
        4.37   2.767e+04
        4.38   2.775e+04
        4.39   2.782e+04
         4.4    2.79e+04
        4.41   2.797e+04
        4.42   2.805e+04
        4.43   2.812e+04
        4.44    2.82e+04
        4.45   2.827e+04
        4.46   2.835e+04
        4.47   2.842e+04
        4.48    2.85e+04
        4.49   2.857e+04
         4.5   2.865e+04
        4.51   2.872e+04
        4.52    2.88e+04
        4.53   2.887e+04
        4.54   2.895e+04
        4.55   2.902e+04
        4.56    2.91e+04
        4.57   2.917e+04
        4.58   2.925e+04
        4.59   2.932e+04
         4.6    2.94e+04
        4.61   2.947e+04
        4.62   2.955e+04
        4.63   2.962e+04
        4.64    2.97e+04
        4.65   2.977e+04
        4.66   2.985e+04
        4.67   2.992e+04
        4.68       3e+04
        4.69   3.007e+04
         4.7   3.015e+04
        4.71   3.023e+04
        4.72    3.03e+04
        4.73   3.038e+04
        4.74   3.045e+04
        4.75   3.053e+04
        4.76    3.06e+04
        4.77   3.068e+04
        4.78   3.075e+04
        4.79   3.083e+04
         4.8   3.091e+04
        4.81   3.098e+04
        4.82   3.106e+04
        4.83   3.113e+04
        4.84   3.121e+04
        4.85   3.128e+04
        4.86   3.136e+04
        4.87   3.144e+04
        4.88   3.151e+04
        4.89   3.159e+04
         4.9   3.166e+04
        4.91   3.174e+04
        4.92   3.181e+04
        4.93   3.189e+04
        4.94   3.197e+04
        4.95   3.204e+04
        4.96   3.212e+04
        4.97   3.219e+04
        4.98   3.227e+04
        4.99   3.235e+04
           5   3.242e+04
        5.01    3.25e+04
        5.02   3.257e+04
        5.03   3.265e+04
        5.04   3.273e+04
        5.05    3.28e+04
        5.06   3.288e+04
        5.07   3.295e+04
        5.08   3.303e+04
        5.09   3.311e+04
         5.1   3.318e+04
        5.11   3.326e+04
        5.12   3.334e+04
        5.13   3.341e+04
        5.14   3.349e+04
        5.15   3.356e+04
        5.16   3.364e+04
        5.17   3.372e+04
        5.18   3.379e+04
        5.19   3.387e+04
         5.2   3.395e+04
        5.21   3.402e+04
        5.22    3.41e+04
        5.23   3.418e+04
        5.24   3.425e+04
        5.25   3.433e+04
        5.26   3.441e+04
        5.27   3.448e+04
        5.28   3.456e+04
        5.29   3.463e+04
         5.3   3.471e+04
        5.31   3.479e+04
        5.32   3.486e+04
        5.33   3.494e+04
        5.34   3.502e+04
        5.35   3.509e+04
        5.36   3.517e+04
        5.37   3.525e+04
        5.38   3.532e+04
        5.39    3.54e+04
         5.4   3.548e+04
        5.41   3.555e+04
        5.42   3.563e+04
        5.43   3.571e+04
        5.44   3.579e+04
        5.45   3.586e+04
        5.46   3.594e+04
        5.47   3.602e+04
        5.48   3.609e+04
        5.49   3.617e+04
         5.5   3.625e+04
        5.51   3.632e+04
        5.52    3.64e+04
        5.53   3.648e+04
        5.54   3.655e+04
        5.55   3.663e+04
        5.56   3.671e+04
        5.57   3.679e+04
        5.58   3.686e+04
        5.59   3.694e+04
         5.6   3.702e+04
        5.61   3.709e+04
        5.62   3.717e+04
        5.63   3.725e+04
        5.64   3.732e+04
        5.65    3.74e+04
        5.66   3.748e+04
        5.67   3.756e+04
        5.68   3.763e+04
        5.69   3.771e+04
         5.7   3.779e+04
        5.71   3.787e+04
        5.72   3.794e+04
        5.73   3.802e+04
        5.74    3.81e+04
        5.75   3.817e+04
        5.76   3.825e+04
        5.77   3.833e+04
        5.78   3.841e+04
        5.79   3.848e+04
         5.8   3.856e+04
        5.81   3.864e+04
        5.82   3.872e+04
        5.83   3.879e+04
        5.84   3.887e+04
        5.85   3.895e+04
        5.86   3.903e+04
        5.87    3.91e+04
        5.88   3.918e+04
        5.89   3.926e+04
         5.9   3.934e+04
        5.91   3.941e+04
        5.92   3.949e+04
        5.93   3.957e+04
        5.94   3.965e+04
        5.95   3.972e+04
        5.96    3.98e+04
        5.97   3.988e+04
        5.98   3.996e+04
        5.99   4.003e+04
           6   4.011e+04
        6.01   4.019e+04
        6.02   4.027e+04
        6.03   4.035e+04
        6.04   4.042e+04
        6.05    4.05e+04
        6.06   4.058e+04
        6.07   4.066e+04
        6.08   4.073e+04
        6.09   4.081e+04
         6.1   4.089e+04
        6.11   4.097e+04
        6.12   4.105e+04
        6.13   4.112e+04
        6.14    4.12e+04
        6.15   4.128e+04
        6.16   4.136e+04
        6.17   4.143e+04
        6.18   4.151e+04
        6.19   4.159e+04
         6.2   4.167e+04
        6.21   4.175e+04
        6.22   4.182e+04
        6.23    4.19e+04
        6.24   4.198e+04
        6.25   4.206e+04
        6.26   4.214e+04
        6.27   4.222e+04
        6.28   4.229e+04
        6.29   4.237e+04
         6.3   4.245e+04
        6.31   4.253e+04
        6.32   4.261e+04
        6.33   4.268e+04
        6.34   4.276e+04
        6.35   4.284e+04
        6.36   4.292e+04
        6.37     4.3e+04
        6.38   4.307e+04
        6.39   4.315e+04
         6.4   4.323e+04
        6.41   4.331e+04
        6.42   4.339e+04
        6.43   4.347e+04
        6.44   4.354e+04
        6.45   4.362e+04
        6.46    4.37e+04
        6.47   4.378e+04
        6.48   4.386e+04
        6.49   4.394e+04
         6.5   4.401e+04
        6.51   4.409e+04
        6.52   4.417e+04
        6.53   4.425e+04
        6.54   4.433e+04
        6.55   4.441e+04
        6.56   4.449e+04
        6.57   4.456e+04
        6.58   4.464e+04
        6.59   4.472e+04
         6.6    4.48e+04
        6.61   4.488e+04
        6.62   4.496e+04
        6.63   4.504e+04
        6.64   4.511e+04
        6.65   4.519e+04
        6.66   4.527e+04
        6.67   4.535e+04
        6.68   4.543e+04
        6.69   4.551e+04
         6.7   4.559e+04
        6.71   4.566e+04
        6.72   4.574e+04
        6.73   4.582e+04
        6.74    4.59e+04
        6.75   4.598e+04
        6.76   4.606e+04
        6.77   4.614e+04
        6.78   4.622e+04
        6.79   4.629e+04
         6.8   4.637e+04
        6.81   4.645e+04
        6.82   4.653e+04
        6.83   4.661e+04
        6.84   4.669e+04
        6.85   4.677e+04
        6.86   4.685e+04
        6.87   4.692e+04
        6.88     4.7e+04
        6.89   4.708e+04
         6.9   4.716e+04
        6.91   4.724e+04
        6.92   4.732e+04
        6.93    4.74e+04
        6.94   4.748e+04
        6.95   4.756e+04
        6.96   4.764e+04
        6.97   4.771e+04
        6.98   4.779e+04
        6.99   4.787e+04
           7   4.795e+04
        7.01   4.803e+04
        7.02   4.811e+04
        7.03   4.819e+04
        7.04   4.827e+04
        7.05   4.835e+04
        7.06   4.843e+04
        7.07    4.85e+04
        7.08   4.858e+04
        7.09   4.866e+04
         7.1   4.874e+04
        7.11   4.882e+04
        7.12    4.89e+04
        7.13   4.898e+04
        7.14   4.906e+04
        7.15   4.914e+04
        7.16   4.922e+04
        7.17    4.93e+04
        7.18   4.938e+04
        7.19   4.946e+04
         7.2   4.953e+04
        7.21   4.961e+04
        7.22   4.969e+04
        7.23   4.977e+04
        7.24   4.985e+04
        7.25   4.993e+04
        7.26   5.001e+04
        7.27   5.009e+04
        7.28   5.017e+04
        7.29   5.025e+04
         7.3   5.033e+04
        7.31   5.041e+04
        7.32   5.049e+04
        7.33   5.057e+04
        7.34   5.065e+04
        7.35   5.072e+04
        7.36    5.08e+04
        7.37   5.088e+04
        7.38   5.096e+04
        7.39   5.104e+04
         7.4   5.112e+04
        7.41    5.12e+04
        7.42   5.128e+04
        7.43   5.136e+04
        7.44   5.144e+04
        7.45   5.152e+04
        7.46    5.16e+04
        7.47   5.168e+04
        7.48   5.176e+04
        7.49   5.184e+04
         7.5   5.192e+04
        7.51     5.2e+04
        7.52   5.208e+04
        7.53   5.216e+04
        7.54   5.224e+04
        7.55   5.232e+04
        7.56    5.24e+04
        7.57   5.248e+04
        7.58   5.256e+04
        7.59   5.263e+04
         7.6   5.271e+04
        7.61   5.279e+04
        7.62   5.287e+04
        7.63   5.295e+04
        7.64   5.303e+04
        7.65   5.311e+04
        7.66   5.319e+04
        7.67   5.327e+04
        7.68   5.335e+04
        7.69   5.343e+04
         7.7   5.351e+04
        7.71   5.359e+04
        7.72   5.367e+04
        7.73   5.375e+04
        7.74   5.383e+04
        7.75   5.391e+04
        7.76   5.399e+04
        7.77   5.407e+04
        7.78   5.415e+04
        7.79   5.423e+04
         7.8   5.431e+04
        7.81   5.439e+04
        7.82   5.447e+04
        7.83   5.455e+04
        7.84   5.463e+04
        7.85   5.471e+04
        7.86   5.479e+04
        7.87   5.487e+04
        7.88   5.495e+04
        7.89   5.503e+04
         7.9   5.511e+04
        7.91   5.519e+04
        7.92   5.527e+04
        7.93   5.535e+04
        7.94   5.543e+04
        7.95   5.551e+04
        7.96   5.559e+04
        7.97   5.567e+04
        7.98   5.575e+04
        7.99   5.583e+04
           8   5.591e+04
        8.01   5.599e+04
        8.02   5.607e+04
        8.03   5.615e+04
        8.04   5.623e+04
        8.05   5.631e+04
        8.06   5.639e+04
        8.07   5.647e+04
        8.08   5.655e+04
        8.09   5.663e+04
         8.1   5.671e+04
        8.11   5.679e+04
        8.12   5.687e+04
        8.13   5.695e+04
        8.14   5.704e+04
        8.15   5.712e+04
        8.16    5.72e+04
        8.17   5.728e+04
        8.18   5.736e+04
        8.19   5.744e+04
         8.2   5.752e+04
        8.21    5.76e+04
        8.22   5.768e+04
        8.23   5.776e+04
        8.24   5.784e+04
        8.25   5.792e+04
        8.26     5.8e+04
        8.27   5.808e+04
        8.28   5.816e+04
        8.29   5.824e+04
         8.3   5.832e+04
        8.31    5.84e+04
        8.32   5.848e+04
        8.33   5.856e+04
        8.34   5.864e+04
        8.35   5.872e+04
        8.36    5.88e+04
        8.37   5.888e+04
        8.38   5.896e+04
        8.39   5.905e+04
         8.4   5.913e+04
        8.41   5.921e+04
        8.42   5.929e+04
        8.43   5.937e+04
        8.44   5.945e+04
        8.45   5.953e+04
        8.46   5.961e+04
        8.47   5.969e+04
        8.48   5.977e+04
        8.49   5.985e+04
         8.5   5.993e+04
        8.51   6.001e+04
        8.52   6.009e+04
        8.53   6.017e+04
        8.54   6.025e+04
        8.55   6.033e+04
        8.56   6.042e+04
        8.57    6.05e+04
        8.58   6.058e+04
        8.59   6.066e+04
         8.6   6.074e+04
        8.61   6.082e+04
        8.62    6.09e+04
        8.63   6.098e+04
        8.64   6.106e+04
        8.65   6.114e+04
        8.66   6.122e+04
        8.67    6.13e+04
        8.68   6.138e+04
        8.69   6.147e+04
         8.7   6.155e+04
        8.71   6.163e+04
        8.72   6.171e+04
        8.73   6.179e+04
        8.74   6.187e+04
        8.75   6.195e+04
        8.76   6.203e+04
        8.77   6.211e+04
        8.78   6.219e+04
        8.79   6.227e+04
         8.8   6.235e+04
        8.81   6.244e+04
        8.82   6.252e+04
        8.83    6.26e+04
        8.84   6.268e+04
        8.85   6.276e+04
        8.86   6.284e+04
        8.87   6.292e+04
        8.88     6.3e+04
        8.89   6.308e+04
         8.9   6.316e+04
        8.91   6.325e+04
        8.92   6.333e+04
        8.93   6.341e+04
        8.94   6.349e+04
        8.95   6.357e+04
        8.96   6.365e+04
        8.97   6.373e+04
        8.98   6.381e+04
        8.99   6.389e+04
           9   6.397e+04
        9.01   6.406e+04
        9.02   6.414e+04
        9.03   6.422e+04
        9.04    6.43e+04
        9.05   6.438e+04
        9.06   6.446e+04
        9.07   6.454e+04
        9.08   6.462e+04
        9.09    6.47e+04
         9.1   6.479e+04
        9.11   6.487e+04
        9.12   6.495e+04
        9.13   6.503e+04
        9.14   6.511e+04
        9.15   6.519e+04
        9.16   6.527e+04
        9.17   6.535e+04
        9.18   6.544e+04
        9.19   6.552e+04
         9.2    6.56e+04
        9.21   6.568e+04
        9.22   6.576e+04
        9.23   6.584e+04
        9.24   6.592e+04
        9.25     6.6e+04
        9.26   6.609e+04
        9.27   6.617e+04
        9.28   6.625e+04
        9.29   6.633e+04
         9.3   6.641e+04
        9.31   6.649e+04
        9.32   6.657e+04
        9.33   6.665e+04
        9.34   6.674e+04
        9.35   6.682e+04
        9.36    6.69e+04
        9.37   6.698e+04
        9.38   6.706e+04
        9.39   6.714e+04
         9.4   6.722e+04
        9.41   6.731e+04
        9.42   6.739e+04
        9.43   6.747e+04
        9.44   6.755e+04
        9.45   6.763e+04
        9.46   6.771e+04
        9.47   6.779e+04
        9.48   6.788e+04
        9.49   6.796e+04
         9.5   6.804e+04
        9.51   6.812e+04
        9.52    6.82e+04
        9.53   6.828e+04
        9.54   6.836e+04
        9.55   6.845e+04
        9.56   6.853e+04
        9.57   6.861e+04
        9.58   6.869e+04
        9.59   6.877e+04
         9.6   6.885e+04
        9.61   6.894e+04
        9.62   6.902e+04
        9.63    6.91e+04
        9.64   6.918e+04
        9.65   6.926e+04
        9.66   6.934e+04
        9.67   6.943e+04
        9.68   6.951e+04
        9.69   6.959e+04
         9.7   6.967e+04
        9.71   6.975e+04
        9.72   6.983e+04
        9.73   6.992e+04
        9.74       7e+04
        9.75   7.008e+04
        9.76   7.016e+04
        9.77   7.024e+04
        9.78   7.032e+04
        9.79   7.041e+04
         9.8   7.049e+04
        9.81   7.057e+04
        9.82   7.065e+04
        9.83   7.073e+04
        9.84   7.081e+04
        9.85    7.09e+04
        9.86   7.098e+04
        9.87   7.106e+04
        9.88   7.114e+04
        9.89   7.122e+04
         9.9    7.13e+04
        9.91   7.139e+04
        9.92   7.147e+04
        9.93   7.155e+04
        9.94   7.163e+04
        9.95   7.171e+04
        9.96    7.18e+04
        9.97   7.188e+04
        9.98   7.196e+04
        9.99   7.204e+04
          10   7.212e+04
       10.01    7.22e+04
       10.02   7.229e+04
       10.03   7.237e+04
       10.04   7.245e+04
       10.05   7.253e+04
       10.06   7.261e+04
       10.07    7.27e+04
       10.08   7.278e+04
       10.09   7.286e+04
        10.1   7.294e+04
       10.11   7.302e+04
       10.12   7.311e+04
       10.13   7.319e+04
       10.14   7.327e+04
       10.15   7.335e+04
       10.16   7.343e+04
       10.17   7.352e+04
       10.18    7.36e+04
       10.19   7.368e+04
        10.2   7.376e+04
       10.21   7.384e+04
       10.22   7.393e+04
       10.23   7.401e+04
       10.24   7.409e+04
       10.25   7.417e+04
       10.26   7.425e+04
       10.27   7.434e+04
       10.28   7.442e+04
       10.29    7.45e+04
        10.3   7.458e+04
       10.31   7.466e+04
       10.32   7.475e+04
       10.33   7.483e+04
       10.34   7.491e+04
       10.35   7.499e+04
       10.36   7.508e+04
       10.37   7.516e+04
       10.38   7.524e+04
       10.39   7.532e+04
        10.4    7.54e+04
       10.41   7.549e+04
       10.42   7.557e+04
       10.43   7.565e+04
       10.44   7.573e+04
       10.45   7.581e+04
       10.46    7.59e+04
       10.47   7.598e+04
       10.48   7.606e+04
       10.49   7.614e+04
        10.5   7.623e+04
       10.51   7.631e+04
       10.52   7.639e+04
       10.53   7.647e+04
       10.54   7.656e+04
       10.55   7.664e+04
       10.56   7.672e+04
       10.57    7.68e+04
       10.58   7.688e+04
       10.59   7.697e+04
        10.6   7.705e+04
       10.61   7.713e+04
       10.62   7.721e+04
       10.63    7.73e+04
       10.64   7.738e+04
       10.65   7.746e+04
       10.66   7.754e+04
       10.67   7.763e+04
       10.68   7.771e+04
       10.69   7.779e+04
        10.7   7.787e+04
       10.71   7.795e+04
       10.72   7.804e+04
       10.73   7.812e+04
       10.74    7.82e+04
       10.75   7.828e+04
       10.76   7.837e+04
       10.77   7.845e+04
       10.78   7.853e+04
       10.79   7.861e+04
        10.8    7.87e+04
       10.81   7.878e+04
       10.82   7.886e+04
       10.83   7.894e+04
       10.84   7.903e+04
       10.85   7.911e+04
       10.86   7.919e+04
       10.87   7.927e+04
       10.88   7.936e+04
       10.89   7.944e+04
        10.9   7.952e+04
       10.91    7.96e+04
       10.92   7.969e+04
       10.93   7.977e+04
       10.94   7.985e+04
       10.95   7.993e+04
       10.96   8.002e+04
       10.97    8.01e+04
       10.98   8.018e+04
       10.99   8.026e+04
          11   8.035e+04
       11.01   8.043e+04
       11.02   8.051e+04
       11.03   8.059e+04
       11.04   8.068e+04
       11.05   8.076e+04
       11.06   8.084e+04
       11.07   8.092e+04
       11.08   8.101e+04
       11.09   8.109e+04
        11.1   8.117e+04
       11.11   8.126e+04
       11.12   8.134e+04
       11.13   8.142e+04
       11.14    8.15e+04
       11.15   8.159e+04
       11.16   8.167e+04
       11.17   8.175e+04
       11.18   8.183e+04
       11.19   8.192e+04
        11.2     8.2e+04
       11.21   8.208e+04
       11.22   8.216e+04
       11.23   8.225e+04
       11.24   8.233e+04
       11.25   8.241e+04
       11.26    8.25e+04
       11.27   8.258e+04
       11.28   8.266e+04
       11.29   8.274e+04
        11.3   8.283e+04
       11.31   8.291e+04
       11.32   8.299e+04
       11.33   8.307e+04
       11.34   8.316e+04
       11.35   8.324e+04
       11.36   8.332e+04
       11.37   8.341e+04
       11.38   8.349e+04
       11.39   8.357e+04
        11.4   8.365e+04
       11.41   8.374e+04
       11.42   8.382e+04
       11.43    8.39e+04
       11.44   8.399e+04
       11.45   8.407e+04
       11.46   8.415e+04
       11.47   8.423e+04
       11.48   8.432e+04
       11.49    8.44e+04
        11.5   8.448e+04
       11.51   8.457e+04
       11.52   8.465e+04
       11.53   8.473e+04
       11.54   8.481e+04
       11.55    8.49e+04
       11.56   8.498e+04
       11.57   8.506e+04
       11.58   8.515e+04
       11.59   8.523e+04
        11.6   8.531e+04
       11.61    8.54e+04
       11.62   8.548e+04
       11.63   8.556e+04
       11.64   8.564e+04
       11.65   8.573e+04
       11.66   8.581e+04
       11.67   8.589e+04
       11.68   8.598e+04
       11.69   8.606e+04
        11.7   8.614e+04
       11.71   8.623e+04
       11.72   8.631e+04
       11.73   8.639e+04
       11.74   8.647e+04
       11.75   8.656e+04
       11.76   8.664e+04
       11.77   8.672e+04
       11.78   8.681e+04
       11.79   8.689e+04
        11.8   8.697e+04
       11.81   8.706e+04
       11.82   8.714e+04
       11.83   8.722e+04
       11.84   8.731e+04
       11.85   8.739e+04
       11.86   8.747e+04
       11.87   8.755e+04
       11.88   8.764e+04
       11.89   8.772e+04
        11.9    8.78e+04
       11.91   8.789e+04
       11.92   8.797e+04
       11.93   8.805e+04
       11.94   8.814e+04
       11.95   8.822e+04
       11.96    8.83e+04
       11.97   8.839e+04
       11.98   8.847e+04
       11.99   8.855e+04
          12   8.864e+04
       12.01   8.872e+04
       12.02    8.88e+04
       12.03   8.888e+04
       12.04   8.897e+04
       12.05   8.905e+04
       12.06   8.913e+04
       12.07   8.922e+04
       12.08    8.93e+04
       12.09   8.938e+04
        12.1   8.947e+04
       12.11   8.955e+04
       12.12   8.963e+04
       12.13   8.972e+04
       12.14    8.98e+04
       12.15   8.988e+04
       12.16   8.997e+04
       12.17   9.005e+04
       12.18   9.013e+04
       12.19   9.022e+04
        12.2    9.03e+04
       12.21   9.038e+04
       12.22   9.047e+04
       12.23   9.055e+04
       12.24   9.063e+04
       12.25   9.072e+04
       12.26    9.08e+04
       12.27   9.088e+04
       12.28   9.097e+04
       12.29   9.105e+04
        12.3   9.113e+04
       12.31   9.122e+04
       12.32    9.13e+04
       12.33   9.138e+04
       12.34   9.147e+04
       12.35   9.155e+04
       12.36   9.163e+04
       12.37   9.172e+04
       12.38    9.18e+04
       12.39   9.188e+04
        12.4   9.197e+04
       12.41   9.205e+04
       12.42   9.213e+04
       12.43   9.222e+04
       12.44    9.23e+04
       12.45   9.238e+04
       12.46   9.247e+04
       12.47   9.255e+04
       12.48   9.264e+04
       12.49   9.272e+04
        12.5    9.28e+04
       12.51   9.289e+04
       12.52   9.297e+04
       12.53   9.305e+04
       12.54   9.314e+04
       12.55   9.322e+04
       12.56    9.33e+04
       12.57   9.339e+04
       12.58   9.347e+04
       12.59   9.355e+04
        12.6   9.364e+04
       12.61   9.372e+04
       12.62    9.38e+04
       12.63   9.389e+04
       12.64   9.397e+04
       12.65   9.405e+04
       12.66   9.414e+04
       12.67   9.422e+04
       12.68   9.431e+04
       12.69   9.439e+04
        12.7   9.447e+04
       12.71   9.456e+04
       12.72   9.464e+04
       12.73   9.472e+04
       12.74   9.481e+04
       12.75   9.489e+04
       12.76   9.497e+04
       12.77   9.506e+04
       12.78   9.514e+04
       12.79   9.522e+04
        12.8   9.531e+04
       12.81   9.539e+04
       12.82   9.548e+04
       12.83   9.556e+04
       12.84   9.564e+04
       12.85   9.573e+04
       12.86   9.581e+04
       12.87   9.589e+04
       12.88   9.598e+04
       12.89   9.606e+04
        12.9   9.615e+04
       12.91   9.623e+04
       12.92   9.631e+04
       12.93    9.64e+04
       12.94   9.648e+04
       12.95   9.656e+04
       12.96   9.665e+04
       12.97   9.673e+04
       12.98   9.681e+04
       12.99    9.69e+04
          13   9.698e+04
       13.01   9.707e+04
       13.02   9.715e+04
       13.03   9.723e+04
       13.04   9.732e+04
       13.05    9.74e+04
       13.06   9.748e+04
       13.07   9.757e+04
       13.08   9.765e+04
       13.09   9.774e+04
        13.1   9.782e+04
       13.11    9.79e+04
       13.12   9.799e+04
       13.13   9.807e+04
       13.14   9.816e+04
       13.15   9.824e+04
       13.16   9.832e+04
       13.17   9.841e+04
       13.18   9.849e+04
       13.19   9.857e+04
        13.2   9.866e+04
       13.21   9.874e+04
       13.22   9.883e+04
       13.23   9.891e+04
       13.24   9.899e+04
       13.25   9.908e+04
       13.26   9.916e+04
       13.27   9.925e+04
       13.28   9.933e+04
       13.29   9.941e+04
        13.3    9.95e+04
       13.31   9.958e+04
       13.32   9.966e+04
       13.33   9.975e+04
       13.34   9.983e+04
       13.35   9.992e+04
       13.36       1e+05
       13.37   1.001e+05
       13.38   1.002e+05
       13.39   1.003e+05
        13.4   1.003e+05
       13.41   1.004e+05
       13.42   1.005e+05
       13.43   1.006e+05
       13.44   1.007e+05
       13.45   1.008e+05
       13.46   1.008e+05
       13.47   1.009e+05
       13.48    1.01e+05
       13.49   1.011e+05
        13.5   1.012e+05
       13.51   1.013e+05
       13.52   1.013e+05
       13.53   1.014e+05
       13.54   1.015e+05
       13.55   1.016e+05
       13.56   1.017e+05
       13.57   1.018e+05
       13.58   1.018e+05
       13.59   1.019e+05
        13.6    1.02e+05
       13.61   1.021e+05
       13.62   1.022e+05
       13.63   1.023e+05
       13.64   1.024e+05
       13.65   1.024e+05
       13.66   1.025e+05
       13.67   1.026e+05
       13.68   1.027e+05
       13.69   1.028e+05
        13.7   1.029e+05
       13.71   1.029e+05
       13.72    1.03e+05
       13.73   1.031e+05
       13.74   1.032e+05
       13.75   1.033e+05
       13.76   1.034e+05
       13.77   1.034e+05
       13.78   1.035e+05
       13.79   1.036e+05
        13.8   1.037e+05
       13.81   1.038e+05
       13.82   1.039e+05
       13.83   1.039e+05
       13.84    1.04e+05
       13.85   1.041e+05
       13.86   1.042e+05
       13.87   1.043e+05
       13.88   1.044e+05
       13.89   1.045e+05
        13.9   1.045e+05
       13.91   1.046e+05
       13.92   1.047e+05
       13.93   1.048e+05
       13.94   1.049e+05
       13.95    1.05e+05
       13.96    1.05e+05
       13.97   1.051e+05
       13.98   1.052e+05
       13.99   1.053e+05
          14   1.054e+05
       14.01   1.055e+05
       14.02   1.055e+05
       14.03   1.056e+05
       14.04   1.057e+05
       14.05   1.058e+05
       14.06   1.059e+05
       14.07    1.06e+05
       14.08   1.061e+05
       14.09   1.061e+05
        14.1   1.062e+05
       14.11   1.063e+05
       14.12   1.064e+05
       14.13   1.065e+05
       14.14   1.066e+05
       14.15   1.066e+05
       14.16   1.067e+05
       14.17   1.068e+05
       14.18   1.069e+05
       14.19    1.07e+05
        14.2   1.071e+05
       14.21   1.072e+05
       14.22   1.072e+05
       14.23   1.073e+05
       14.24   1.074e+05
       14.25   1.075e+05
       14.26   1.076e+05
       14.27   1.077e+05
       14.28   1.077e+05
       14.29   1.078e+05
        14.3   1.079e+05
       14.31    1.08e+05
       14.32   1.081e+05
       14.33   1.082e+05
       14.34   1.082e+05
       14.35   1.083e+05
       14.36   1.084e+05
       14.37   1.085e+05
       14.38   1.086e+05
       14.39   1.087e+05
        14.4   1.088e+05
       14.41   1.088e+05
       14.42   1.089e+05
       14.43    1.09e+05
       14.44   1.091e+05
       14.45   1.092e+05
       14.46   1.093e+05
       14.47   1.093e+05
       14.48   1.094e+05
       14.49   1.095e+05
        14.5   1.096e+05
       14.51   1.097e+05
       14.52   1.098e+05
       14.53   1.099e+05
       14.54   1.099e+05
       14.55     1.1e+05
       14.56   1.101e+05
       14.57   1.102e+05
       14.58   1.103e+05
       14.59   1.104e+05
        14.6   1.104e+05
       14.61   1.105e+05
       14.62   1.106e+05
       14.63   1.107e+05
       14.64   1.108e+05
       14.65   1.109e+05
       14.66    1.11e+05
       14.67    1.11e+05
       14.68   1.111e+05
       14.69   1.112e+05
        14.7   1.113e+05
       14.71   1.114e+05
       14.72   1.115e+05
       14.73   1.115e+05
       14.74   1.116e+05
       14.75   1.117e+05
       14.76   1.118e+05
       14.77   1.119e+05
       14.78    1.12e+05
       14.79    1.12e+05
        14.8   1.121e+05
       14.81   1.122e+05
       14.82   1.123e+05
       14.83   1.124e+05
       14.84   1.125e+05
       14.85   1.126e+05
       14.86   1.126e+05
       14.87   1.127e+05
       14.88   1.128e+05
       14.89   1.129e+05
        14.9    1.13e+05
       14.91   1.131e+05
       14.92   1.131e+05
       14.93   1.132e+05
       14.94   1.133e+05
       14.95   1.134e+05
       14.96   1.135e+05
       14.97   1.136e+05
       14.98   1.137e+05
       14.99   1.137e+05
          15   1.138e+05
       15.01   1.139e+05
       15.02    1.14e+05
       15.03   1.141e+05
       15.04   1.142e+05
       15.05   1.142e+05
       15.06   1.143e+05
       15.07   1.144e+05
       15.08   1.145e+05
       15.09   1.146e+05
        15.1   1.147e+05
       15.11   1.148e+05
       15.12   1.148e+05
       15.13   1.149e+05
       15.14    1.15e+05
       15.15   1.151e+05
       15.16   1.152e+05
       15.17   1.153e+05
       15.18   1.154e+05
       15.19   1.154e+05
        15.2   1.155e+05
       15.21   1.156e+05
       15.22   1.157e+05
       15.23   1.158e+05
       15.24   1.159e+05
       15.25   1.159e+05
       15.26    1.16e+05
       15.27   1.161e+05
       15.28   1.162e+05
       15.29   1.163e+05
        15.3   1.164e+05
       15.31   1.165e+05
       15.32   1.165e+05
       15.33   1.166e+05
       15.34   1.167e+05
       15.35   1.168e+05
       15.36   1.169e+05
       15.37    1.17e+05
       15.38    1.17e+05
       15.39   1.171e+05
        15.4   1.172e+05
       15.41   1.173e+05
       15.42   1.174e+05
       15.43   1.175e+05
       15.44   1.176e+05
       15.45   1.176e+05
       15.46   1.177e+05
       15.47   1.178e+05
       15.48   1.179e+05
       15.49    1.18e+05
        15.5   1.181e+05
       15.51   1.182e+05
       15.52   1.182e+05
       15.53   1.183e+05
       15.54   1.184e+05
       15.55   1.185e+05
       15.56   1.186e+05
       15.57   1.187e+05
       15.58   1.187e+05
       15.59   1.188e+05
        15.6   1.189e+05
       15.61    1.19e+05
       15.62   1.191e+05
       15.63   1.192e+05
       15.64   1.193e+05
       15.65   1.193e+05
       15.66   1.194e+05
       15.67   1.195e+05
       15.68   1.196e+05
       15.69   1.197e+05
        15.7   1.198e+05
       15.71   1.198e+05
       15.72   1.199e+05
       15.73     1.2e+05
       15.74   1.201e+05
       15.75   1.202e+05
       15.76   1.203e+05
       15.77   1.204e+05
       15.78   1.204e+05
       15.79   1.205e+05
        15.8   1.206e+05
       15.81   1.207e+05
       15.82   1.208e+05
       15.83   1.209e+05
       15.84    1.21e+05
       15.85    1.21e+05
       15.86   1.211e+05
       15.87   1.212e+05
       15.88   1.213e+05
       15.89   1.214e+05
        15.9   1.215e+05
       15.91   1.215e+05
       15.92   1.216e+05
       15.93   1.217e+05
       15.94   1.218e+05
       15.95   1.219e+05
       15.96    1.22e+05
       15.97   1.221e+05
       15.98   1.221e+05
       15.99   1.222e+05
          16   1.223e+05
       16.01   1.224e+05
       16.02   1.225e+05
       16.03   1.226e+05
       16.04   1.227e+05
       16.05   1.227e+05
       16.06   1.228e+05
       16.07   1.229e+05
       16.08    1.23e+05
       16.09   1.231e+05
        16.1   1.232e+05
       16.11   1.233e+05
       16.12   1.233e+05
       16.13   1.234e+05
       16.14   1.235e+05
       16.15   1.236e+05
       16.16   1.237e+05
       16.17   1.238e+05
       16.18   1.238e+05
       16.19   1.239e+05
        16.2    1.24e+05
       16.21   1.241e+05
       16.22   1.242e+05
       16.23   1.243e+05
       16.24   1.244e+05
       16.25   1.244e+05
       16.26   1.245e+05
       16.27   1.246e+05
       16.28   1.247e+05
       16.29   1.248e+05
        16.3   1.249e+05
       16.31    1.25e+05
       16.32    1.25e+05
       16.33   1.251e+05
       16.34   1.252e+05
       16.35   1.253e+05
       16.36   1.254e+05
       16.37   1.255e+05
       16.38   1.256e+05
       16.39   1.256e+05
        16.4   1.257e+05
       16.41   1.258e+05
       16.42   1.259e+05
       16.43    1.26e+05
       16.44   1.261e+05
       16.45   1.261e+05
       16.46   1.262e+05
       16.47   1.263e+05
       16.48   1.264e+05
       16.49   1.265e+05
        16.5   1.266e+05
       16.51   1.267e+05
       16.52   1.267e+05
       16.53   1.268e+05
       16.54   1.269e+05
       16.55    1.27e+05
       16.56   1.271e+05
       16.57   1.272e+05
       16.58   1.273e+05
       16.59   1.273e+05
        16.6   1.274e+05
       16.61   1.275e+05
       16.62   1.276e+05
       16.63   1.277e+05
       16.64   1.278e+05
       16.65   1.279e+05
       16.66   1.279e+05
       16.67    1.28e+05
       16.68   1.281e+05
       16.69   1.282e+05
        16.7   1.283e+05
       16.71   1.284e+05
       16.72   1.284e+05
       16.73   1.285e+05
       16.74   1.286e+05
       16.75   1.287e+05
       16.76   1.288e+05
       16.77   1.289e+05
       16.78    1.29e+05
       16.79    1.29e+05
        16.8   1.291e+05
       16.81   1.292e+05
       16.82   1.293e+05
       16.83   1.294e+05
       16.84   1.295e+05
       16.85   1.296e+05
       16.86   1.296e+05
       16.87   1.297e+05
       16.88   1.298e+05
       16.89   1.299e+05
        16.9     1.3e+05
       16.91   1.301e+05
       16.92   1.302e+05
       16.93   1.302e+05
       16.94   1.303e+05
       16.95   1.304e+05
       16.96   1.305e+05
       16.97   1.306e+05
       16.98   1.307e+05
       16.99   1.308e+05
          17   1.308e+05
       17.01   1.309e+05
       17.02    1.31e+05
       17.03   1.311e+05
       17.04   1.312e+05
       17.05   1.313e+05
       17.06   1.314e+05
       17.07   1.314e+05
       17.08   1.315e+05
       17.09   1.316e+05
        17.1   1.317e+05
       17.11   1.318e+05
       17.12   1.319e+05
       17.13    1.32e+05
       17.14    1.32e+05
       17.15   1.321e+05
       17.16   1.322e+05
       17.17   1.323e+05
       17.18   1.324e+05
       17.19   1.325e+05
        17.2   1.326e+05
       17.21   1.326e+05
       17.22   1.327e+05
       17.23   1.328e+05
       17.24   1.329e+05
       17.25    1.33e+05
       17.26   1.331e+05
       17.27   1.331e+05
       17.28   1.332e+05
       17.29   1.333e+05
        17.3   1.334e+05
       17.31   1.335e+05
       17.32   1.336e+05
       17.33   1.337e+05
       17.34   1.337e+05
       17.35   1.338e+05
       17.36   1.339e+05
       17.37    1.34e+05
       17.38   1.341e+05
       17.39   1.342e+05
        17.4   1.343e+05
       17.41   1.343e+05
       17.42   1.344e+05
       17.43   1.345e+05
       17.44   1.346e+05
       17.45   1.347e+05
       17.46   1.348e+05
       17.47   1.349e+05
       17.48   1.349e+05
       17.49    1.35e+05
        17.5   1.351e+05
       17.51   1.352e+05
       17.52   1.353e+05
       17.53   1.354e+05
       17.54   1.355e+05
       17.55   1.355e+05
       17.56   1.356e+05
       17.57   1.357e+05
       17.58   1.358e+05
       17.59   1.359e+05
        17.6    1.36e+05
       17.61   1.361e+05
       17.62   1.361e+05
       17.63   1.362e+05
       17.64   1.363e+05
       17.65   1.364e+05
       17.66   1.365e+05
       17.67   1.366e+05
       17.68   1.367e+05
       17.69   1.367e+05
        17.7   1.368e+05
       17.71   1.369e+05
       17.72    1.37e+05
       17.73   1.371e+05
       17.74   1.372e+05
       17.75   1.373e+05
       17.76   1.373e+05
       17.77   1.374e+05
       17.78   1.375e+05
       17.79   1.376e+05
        17.8   1.377e+05
       17.81   1.378e+05
       17.82   1.379e+05
       17.83   1.379e+05
       17.84    1.38e+05
       17.85   1.381e+05
       17.86   1.382e+05
       17.87   1.383e+05
       17.88   1.384e+05
       17.89   1.385e+05
        17.9   1.385e+05
       17.91   1.386e+05
       17.92   1.387e+05
       17.93   1.388e+05
       17.94   1.389e+05
       17.95    1.39e+05
       17.96   1.391e+05
       17.97   1.391e+05
       17.98   1.392e+05
       17.99   1.393e+05
          18   1.394e+05
       18.01   1.395e+05
       18.02   1.396e+05
       18.03   1.397e+05
       18.04   1.397e+05
       18.05   1.398e+05
       18.06   1.399e+05
       18.07     1.4e+05
       18.08   1.401e+05
       18.09   1.402e+05
        18.1   1.403e+05
       18.11   1.403e+05
       18.12   1.404e+05
       18.13   1.405e+05
       18.14   1.406e+05
       18.15   1.407e+05
       18.16   1.408e+05
       18.17   1.409e+05
       18.18   1.409e+05
       18.19    1.41e+05
        18.2   1.411e+05
       18.21   1.412e+05
       18.22   1.413e+05
       18.23   1.414e+05
       18.24   1.415e+05
       18.25   1.415e+05
       18.26   1.416e+05
       18.27   1.417e+05
       18.28   1.418e+05
       18.29   1.419e+05
        18.3    1.42e+05
       18.31   1.421e+05
       18.32   1.422e+05
       18.33   1.422e+05
       18.34   1.423e+05
       18.35   1.424e+05
       18.36   1.425e+05
       18.37   1.426e+05
       18.38   1.427e+05
       18.39   1.428e+05
        18.4   1.428e+05
       18.41   1.429e+05
       18.42    1.43e+05
       18.43   1.431e+05
       18.44   1.432e+05
       18.45   1.433e+05
       18.46   1.434e+05
       18.47   1.434e+05
       18.48   1.435e+05
       18.49   1.436e+05
        18.5   1.437e+05
       18.51   1.438e+05
       18.52   1.439e+05
       18.53    1.44e+05
       18.54    1.44e+05
       18.55   1.441e+05
       18.56   1.442e+05
       18.57   1.443e+05
       18.58   1.444e+05
       18.59   1.445e+05
        18.6   1.446e+05
       18.61   1.446e+05
       18.62   1.447e+05
       18.63   1.448e+05
       18.64   1.449e+05
       18.65    1.45e+05
       18.66   1.451e+05
       18.67   1.452e+05
       18.68   1.452e+05
       18.69   1.453e+05
        18.7   1.454e+05
       18.71   1.455e+05
       18.72   1.456e+05
       18.73   1.457e+05
       18.74   1.458e+05
       18.75   1.458e+05
       18.76   1.459e+05
       18.77    1.46e+05
       18.78   1.461e+05
       18.79   1.462e+05
        18.8   1.463e+05
       18.81   1.464e+05
       18.82   1.464e+05
       18.83   1.465e+05
       18.84   1.466e+05
       18.85   1.467e+05
       18.86   1.468e+05
       18.87   1.469e+05
       18.88    1.47e+05
       18.89   1.471e+05
        18.9   1.471e+05
       18.91   1.472e+05
       18.92   1.473e+05
       18.93   1.474e+05
       18.94   1.475e+05
       18.95   1.476e+05
       18.96   1.477e+05
       18.97   1.477e+05
       18.98   1.478e+05
       18.99   1.479e+05
          19    1.48e+05
       19.01   1.481e+05
       19.02   1.482e+05
       19.03   1.483e+05
       19.04   1.483e+05
       19.05   1.484e+05
       19.06   1.485e+05
       19.07   1.486e+05
       19.08   1.487e+05
       19.09   1.488e+05
        19.1   1.489e+05
       19.11   1.489e+05
       19.12    1.49e+05
       19.13   1.491e+05
       19.14   1.492e+05
       19.15   1.493e+05
       19.16   1.494e+05
       19.17   1.495e+05
       19.18   1.495e+05
       19.19   1.496e+05
        19.2   1.497e+05
       19.21   1.498e+05
       19.22   1.499e+05
       19.23     1.5e+05
       19.24   1.501e+05
       19.25   1.502e+05
       19.26   1.502e+05
       19.27   1.503e+05
       19.28   1.504e+05
       19.29   1.505e+05
        19.3   1.506e+05
       19.31   1.507e+05
       19.32   1.508e+05
       19.33   1.508e+05
       19.34   1.509e+05
       19.35    1.51e+05
       19.36   1.511e+05
       19.37   1.512e+05
       19.38   1.513e+05
       19.39   1.514e+05
        19.4   1.514e+05
       19.41   1.515e+05
       19.42   1.516e+05
       19.43   1.517e+05
       19.44   1.518e+05
       19.45   1.519e+05
       19.46    1.52e+05
       19.47    1.52e+05
       19.48   1.521e+05
       19.49   1.522e+05
        19.5   1.523e+05
       19.51   1.524e+05
       19.52   1.525e+05
       19.53   1.526e+05
       19.54   1.527e+05
       19.55   1.527e+05
       19.56   1.528e+05
       19.57   1.529e+05
       19.58    1.53e+05
       19.59   1.531e+05
        19.6   1.532e+05
       19.61   1.533e+05
       19.62   1.533e+05
       19.63   1.534e+05
       19.64   1.535e+05
       19.65   1.536e+05
       19.66   1.537e+05
       19.67   1.538e+05
       19.68   1.539e+05
       19.69   1.539e+05
        19.7    1.54e+05
       19.71   1.541e+05
       19.72   1.542e+05
       19.73   1.543e+05
       19.74   1.544e+05
       19.75   1.545e+05
       19.76   1.546e+05
       19.77   1.546e+05
       19.78   1.547e+05
       19.79   1.548e+05
        19.8   1.549e+05
       19.81    1.55e+05
       19.82   1.551e+05
       19.83   1.552e+05
       19.84   1.552e+05
       19.85   1.553e+05
       19.86   1.554e+05
       19.87   1.555e+05
       19.88   1.556e+05
       19.89   1.557e+05
        19.9   1.558e+05
       19.91   1.558e+05
       19.92   1.559e+05
       19.93    1.56e+05
       19.94   1.561e+05
       19.95   1.562e+05
       19.96   1.563e+05
       19.97   1.564e+05
       19.98   1.565e+05
       19.99   1.565e+05
          20   1.566e+05
       20.01   1.567e+05
       20.02   1.568e+05
       20.03   1.569e+05
       20.04    1.57e+05
       20.05   1.571e+05
       20.06   1.571e+05
       20.07   1.572e+05
       20.08   1.573e+05
       20.09   1.574e+05
        20.1   1.575e+05
       20.11   1.576e+05
       20.12   1.577e+05
       20.13   1.577e+05
       20.14   1.578e+05
       20.15   1.579e+05
       20.16    1.58e+05
       20.17   1.581e+05
       20.18   1.582e+05
       20.19   1.583e+05
        20.2   1.584e+05
       20.21   1.584e+05
       20.22   1.585e+05
       20.23   1.586e+05
       20.24   1.587e+05
       20.25   1.588e+05
       20.26   1.589e+05
       20.27    1.59e+05
       20.28    1.59e+05
       20.29   1.591e+05
        20.3   1.592e+05
       20.31   1.593e+05
       20.32   1.594e+05
       20.33   1.595e+05
       20.34   1.596e+05
       20.35   1.596e+05
       20.36   1.597e+05
       20.37   1.598e+05
       20.38   1.599e+05
       20.39     1.6e+05
        20.4   1.601e+05
       20.41   1.602e+05
       20.42   1.603e+05
       20.43   1.603e+05
       20.44   1.604e+05
       20.45   1.605e+05
       20.46   1.606e+05
       20.47   1.607e+05
       20.48   1.608e+05
       20.49   1.609e+05
        20.5   1.609e+05
       20.51    1.61e+05
       20.52   1.611e+05
       20.53   1.612e+05
       20.54   1.613e+05
       20.55   1.614e+05
       20.56   1.615e+05
       20.57   1.616e+05
       20.58   1.616e+05
       20.59   1.617e+05
        20.6   1.618e+05
       20.61   1.619e+05
       20.62    1.62e+05
       20.63   1.621e+05
       20.64   1.622e+05
       20.65   1.622e+05
       20.66   1.623e+05
       20.67   1.624e+05
       20.68   1.625e+05
       20.69   1.626e+05
        20.7   1.627e+05
       20.71   1.628e+05
       20.72   1.629e+05
       20.73   1.629e+05
       20.74    1.63e+05
       20.75   1.631e+05
       20.76   1.632e+05
       20.77   1.633e+05
       20.78   1.634e+05
       20.79   1.635e+05
        20.8   1.635e+05
       20.81   1.636e+05
       20.82   1.637e+05
       20.83   1.638e+05
       20.84   1.639e+05
       20.85    1.64e+05
       20.86   1.641e+05
       20.87   1.642e+05
       20.88   1.642e+05
       20.89   1.643e+05
        20.9   1.644e+05
       20.91   1.645e+05
       20.92   1.646e+05
       20.93   1.647e+05
       20.94   1.648e+05
       20.95   1.648e+05
       20.96   1.649e+05
       20.97    1.65e+05
       20.98   1.651e+05
       20.99   1.652e+05
          21   1.653e+05
       21.01   1.654e+05
       21.02   1.655e+05
       21.03   1.655e+05
       21.04   1.656e+05
       21.05   1.657e+05
       21.06   1.658e+05
       21.07   1.659e+05
       21.08    1.66e+05
       21.09   1.661e+05
        21.1   1.661e+05
       21.11   1.662e+05
       21.12   1.663e+05
       21.13   1.664e+05
       21.14   1.665e+05
       21.15   1.666e+05
       21.16   1.667e+05
       21.17   1.668e+05
       21.18   1.668e+05
       21.19   1.669e+05
        21.2    1.67e+05
       21.21   1.671e+05
       21.22   1.672e+05
       21.23   1.673e+05
       21.24   1.674e+05
       21.25   1.674e+05
       21.26   1.675e+05
       21.27   1.676e+05
       21.28   1.677e+05
       21.29   1.678e+05
        21.3   1.679e+05
       21.31    1.68e+05
       21.32   1.681e+05
       21.33   1.681e+05
       21.34   1.682e+05
       21.35   1.683e+05
       21.36   1.684e+05
       21.37   1.685e+05
       21.38   1.686e+05
       21.39   1.687e+05
        21.4   1.687e+05
       21.41   1.688e+05
       21.42   1.689e+05
       21.43    1.69e+05
       21.44   1.691e+05
       21.45   1.692e+05
       21.46   1.693e+05
       21.47   1.694e+05
       21.48   1.694e+05
       21.49   1.695e+05
        21.5   1.696e+05
       21.51   1.697e+05
       21.52   1.698e+05
       21.53   1.699e+05
       21.54     1.7e+05
       21.55     1.7e+05
       21.56   1.701e+05
       21.57   1.702e+05
       21.58   1.703e+05
       21.59   1.704e+05
        21.6   1.705e+05
       21.61   1.706e+05
       21.62   1.707e+05
       21.63   1.707e+05
       21.64   1.708e+05
       21.65   1.709e+05
       21.66    1.71e+05
       21.67   1.711e+05
       21.68   1.712e+05
       21.69   1.713e+05
        21.7   1.713e+05
       21.71   1.714e+05
       21.72   1.715e+05
       21.73   1.716e+05
       21.74   1.717e+05
       21.75   1.718e+05
       21.76   1.719e+05
       21.77    1.72e+05
       21.78    1.72e+05
       21.79   1.721e+05
        21.8   1.722e+05
       21.81   1.723e+05
       21.82   1.724e+05
       21.83   1.725e+05
       21.84   1.726e+05
       21.85   1.727e+05
       21.86   1.727e+05
       21.87   1.728e+05
       21.88   1.729e+05
       21.89    1.73e+05
        21.9   1.731e+05
       21.91   1.732e+05
       21.92   1.733e+05
       21.93   1.733e+05
       21.94   1.734e+05
       21.95   1.735e+05
       21.96   1.736e+05
       21.97   1.737e+05
       21.98   1.738e+05
       21.99   1.739e+05
          22    1.74e+05
       22.01    1.74e+05
       22.02   1.741e+05
       22.03   1.742e+05
       22.04   1.743e+05
       22.05   1.744e+05
       22.06   1.745e+05
       22.07   1.746e+05
       22.08   1.747e+05
       22.09   1.747e+05
        22.1   1.748e+05
       22.11   1.749e+05
       22.12    1.75e+05
       22.13   1.751e+05
       22.14   1.752e+05
       22.15   1.753e+05
       22.16   1.753e+05
       22.17   1.754e+05
       22.18   1.755e+05
       22.19   1.756e+05
        22.2   1.757e+05
       22.21   1.758e+05
       22.22   1.759e+05
       22.23    1.76e+05
       22.24    1.76e+05
       22.25   1.761e+05
       22.26   1.762e+05
       22.27   1.763e+05
       22.28   1.764e+05
       22.29   1.765e+05
        22.3   1.766e+05
       22.31   1.767e+05
       22.32   1.767e+05
       22.33   1.768e+05
       22.34   1.769e+05
       22.35    1.77e+05
       22.36   1.771e+05
       22.37   1.772e+05
       22.38   1.773e+05
       22.39   1.773e+05
        22.4   1.774e+05
       22.41   1.775e+05
       22.42   1.776e+05
       22.43   1.777e+05
       22.44   1.778e+05
       22.45   1.779e+05
       22.46    1.78e+05
       22.47    1.78e+05
       22.48   1.781e+05
       22.49   1.782e+05
        22.5   1.783e+05
       22.51   1.784e+05
       22.52   1.785e+05
       22.53   1.786e+05
       22.54   1.787e+05
       22.55   1.787e+05
       22.56   1.788e+05
       22.57   1.789e+05
       22.58    1.79e+05
       22.59   1.791e+05
        22.6   1.792e+05
       22.61   1.793e+05
       22.62   1.794e+05
       22.63   1.794e+05
       22.64   1.795e+05
       22.65   1.796e+05
       22.66   1.797e+05
       22.67   1.798e+05
       22.68   1.799e+05
       22.69     1.8e+05
        22.7     1.8e+05
       22.71   1.801e+05
       22.72   1.802e+05
       22.73   1.803e+05
       22.74   1.804e+05
       22.75   1.805e+05
       22.76   1.806e+05
       22.77   1.807e+05
       22.78   1.807e+05
       22.79   1.808e+05
        22.8   1.809e+05
       22.81    1.81e+05
       22.82   1.811e+05
       22.83   1.812e+05
       22.84   1.813e+05
       22.85   1.814e+05
       22.86   1.814e+05
       22.87   1.815e+05
       22.88   1.816e+05
       22.89   1.817e+05
        22.9   1.818e+05
       22.91   1.819e+05
       22.92    1.82e+05
       22.93   1.821e+05
       22.94   1.821e+05
       22.95   1.822e+05
       22.96   1.823e+05
       22.97   1.824e+05
       22.98   1.825e+05
       22.99   1.826e+05
          23   1.827e+05
       23.01   1.827e+05
       23.02   1.828e+05
       23.03   1.829e+05
       23.04    1.83e+05
       23.05   1.831e+05
       23.06   1.832e+05
       23.07   1.833e+05
       23.08   1.834e+05
       23.09   1.834e+05
        23.1   1.835e+05
       23.11   1.836e+05
       23.12   1.837e+05
       23.13   1.838e+05
       23.14   1.839e+05
       23.15    1.84e+05
       23.16   1.841e+05
       23.17   1.841e+05
       23.18   1.842e+05
       23.19   1.843e+05
        23.2   1.844e+05
       23.21   1.845e+05
       23.22   1.846e+05
       23.23   1.847e+05
       23.24   1.848e+05
       23.25   1.848e+05
       23.26   1.849e+05
       23.27    1.85e+05
       23.28   1.851e+05
       23.29   1.852e+05
        23.3   1.853e+05
       23.31   1.854e+05
       23.32   1.855e+05
       23.33   1.855e+05
       23.34   1.856e+05
       23.35   1.857e+05
       23.36   1.858e+05
       23.37   1.859e+05
       23.38    1.86e+05
       23.39   1.861e+05
        23.4   1.861e+05
       23.41   1.862e+05
       23.42   1.863e+05
       23.43   1.864e+05
       23.44   1.865e+05
       23.45   1.866e+05
       23.46   1.867e+05
       23.47   1.868e+05
       23.48   1.868e+05
       23.49   1.869e+05
        23.5    1.87e+05
       23.51   1.871e+05
       23.52   1.872e+05
       23.53   1.873e+05
       23.54   1.874e+05
       23.55   1.875e+05
       23.56   1.875e+05
       23.57   1.876e+05
       23.58   1.877e+05
       23.59   1.878e+05
        23.6   1.879e+05
       23.61    1.88e+05
       23.62   1.881e+05
       23.63   1.882e+05
       23.64   1.882e+05
       23.65   1.883e+05
       23.66   1.884e+05
       23.67   1.885e+05
       23.68   1.886e+05
       23.69   1.887e+05
        23.7   1.888e+05
       23.71   1.889e+05
       23.72   1.889e+05
       23.73    1.89e+05
       23.74   1.891e+05
       23.75   1.892e+05
       23.76   1.893e+05
       23.77   1.894e+05
       23.78   1.895e+05
       23.79   1.896e+05
        23.8   1.896e+05
       23.81   1.897e+05
       23.82   1.898e+05
       23.83   1.899e+05
       23.84     1.9e+05
       23.85   1.901e+05
       23.86   1.902e+05
       23.87   1.903e+05
       23.88   1.903e+05
       23.89   1.904e+05
        23.9   1.905e+05
       23.91   1.906e+05
       23.92   1.907e+05
       23.93   1.908e+05
       23.94   1.909e+05
       23.95    1.91e+05
       23.96    1.91e+05
       23.97   1.911e+05
       23.98   1.912e+05
       23.99   1.913e+05
          24   1.914e+05
       24.01   1.915e+05
       24.02   1.916e+05
       24.03   1.917e+05
       24.04   1.917e+05
       24.05   1.918e+05
       24.06   1.919e+05
       24.07    1.92e+05
       24.08   1.921e+05
       24.09   1.922e+05
        24.1   1.923e+05
       24.11   1.923e+05
       24.12   1.924e+05
       24.13   1.925e+05
       24.14   1.926e+05
       24.15   1.927e+05
       24.16   1.928e+05
       24.17   1.929e+05
       24.18    1.93e+05
       24.19    1.93e+05
        24.2   1.931e+05
       24.21   1.932e+05
       24.22   1.933e+05
       24.23   1.934e+05
       24.24   1.935e+05
       24.25   1.936e+05
       24.26   1.937e+05
       24.27   1.937e+05
       24.28   1.938e+05
       24.29   1.939e+05
        24.3    1.94e+05
       24.31   1.941e+05
       24.32   1.942e+05
       24.33   1.943e+05
       24.34   1.944e+05
       24.35   1.944e+05
       24.36   1.945e+05
       24.37   1.946e+05
       24.38   1.947e+05
       24.39   1.948e+05
        24.4   1.949e+05
       24.41    1.95e+05
       24.42   1.951e+05
       24.43   1.951e+05
       24.44   1.952e+05
       24.45   1.953e+05
       24.46   1.954e+05
       24.47   1.955e+05
       24.48   1.956e+05
       24.49   1.957e+05
        24.5   1.958e+05
       24.51   1.958e+05
       24.52   1.959e+05
       24.53    1.96e+05
       24.54   1.961e+05
       24.55   1.962e+05
       24.56   1.963e+05
       24.57   1.964e+05
       24.58   1.965e+05
       24.59   1.965e+05
        24.6   1.966e+05
       24.61   1.967e+05
       24.62   1.968e+05
       24.63   1.969e+05
       24.64    1.97e+05
       24.65   1.971e+05
       24.66   1.972e+05
       24.67   1.972e+05
       24.68   1.973e+05
       24.69   1.974e+05
        24.7   1.975e+05
       24.71   1.976e+05
       24.72   1.977e+05
       24.73   1.978e+05
       24.74   1.979e+05
       24.75   1.979e+05
       24.76    1.98e+05
       24.77   1.981e+05
       24.78   1.982e+05
       24.79   1.983e+05
        24.8   1.984e+05
       24.81   1.985e+05
       24.82   1.986e+05
       24.83   1.986e+05
       24.84   1.987e+05
       24.85   1.988e+05
       24.86   1.989e+05
       24.87    1.99e+05
       24.88   1.991e+05
       24.89   1.992e+05
        24.9   1.993e+05
       24.91   1.993e+05
       24.92   1.994e+05
       24.93   1.995e+05
       24.94   1.996e+05
       24.95   1.997e+05
       24.96   1.998e+05
       24.97   1.999e+05
       24.98       2e+05
       24.99       2e+05
          25   2.001e+05
       25.01   2.002e+05
       25.02   2.003e+05
       25.03   2.004e+05
       25.04   2.005e+05
       25.05   2.006e+05
       25.06   2.007e+05
       25.07   2.008e+05
       25.08   2.008e+05
       25.09   2.009e+05
        25.1    2.01e+05
       25.11   2.011e+05
       25.12   2.012e+05
       25.13   2.013e+05
       25.14   2.014e+05
       25.15   2.015e+05
       25.16   2.015e+05
       25.17   2.016e+05
       25.18   2.017e+05
       25.19   2.018e+05
        25.2   2.019e+05
       25.21    2.02e+05
       25.22   2.021e+05
       25.23   2.022e+05
       25.24   2.022e+05
       25.25   2.023e+05
       25.26   2.024e+05
       25.27   2.025e+05
       25.28   2.026e+05
       25.29   2.027e+05
        25.3   2.028e+05
       25.31   2.029e+05
       25.32   2.029e+05
       25.33    2.03e+05
       25.34   2.031e+05
       25.35   2.032e+05
       25.36   2.033e+05
       25.37   2.034e+05
       25.38   2.035e+05
       25.39   2.036e+05
        25.4   2.036e+05
       25.41   2.037e+05
       25.42   2.038e+05
       25.43   2.039e+05
       25.44    2.04e+05
       25.45   2.041e+05
       25.46   2.042e+05
       25.47   2.043e+05
       25.48   2.043e+05
       25.49   2.044e+05
        25.5   2.045e+05
       25.51   2.046e+05
       25.52   2.047e+05
       25.53   2.048e+05
       25.54   2.049e+05
       25.55    2.05e+05
       25.56    2.05e+05
       25.57   2.051e+05
       25.58   2.052e+05
       25.59   2.053e+05
        25.6   2.054e+05
       25.61   2.055e+05
       25.62   2.056e+05
       25.63   2.057e+05
       25.64   2.057e+05
       25.65   2.058e+05
       25.66   2.059e+05
       25.67    2.06e+05
       25.68   2.061e+05
       25.69   2.062e+05
        25.7   2.063e+05
       25.71   2.064e+05
       25.72   2.064e+05
       25.73   2.065e+05
       25.74   2.066e+05
       25.75   2.067e+05
       25.76   2.068e+05
       25.77   2.069e+05
       25.78    2.07e+05
       25.79   2.071e+05
        25.8   2.072e+05
       25.81   2.072e+05
       25.82   2.073e+05
       25.83   2.074e+05
       25.84   2.075e+05
       25.85   2.076e+05
       25.86   2.077e+05
       25.87   2.078e+05
       25.88   2.079e+05
       25.89   2.079e+05
        25.9    2.08e+05
       25.91   2.081e+05
       25.92   2.082e+05
       25.93   2.083e+05
       25.94   2.084e+05
       25.95   2.085e+05
       25.96   2.086e+05
       25.97   2.086e+05
       25.98   2.087e+05
       25.99   2.088e+05
          26   2.089e+05
       26.01    2.09e+05
       26.02   2.091e+05
       26.03   2.092e+05
       26.04   2.093e+05
       26.05   2.093e+05
       26.06   2.094e+05
       26.07   2.095e+05
       26.08   2.096e+05
       26.09   2.097e+05
        26.1   2.098e+05
       26.11   2.099e+05
       26.12     2.1e+05
       26.13     2.1e+05
       26.14   2.101e+05
       26.15   2.102e+05
       26.16   2.103e+05
       26.17   2.104e+05
       26.18   2.105e+05
       26.19   2.106e+05
        26.2   2.107e+05
       26.21   2.108e+05
       26.22   2.108e+05
       26.23   2.109e+05
       26.24    2.11e+05
       26.25   2.111e+05
       26.26   2.112e+05
       26.27   2.113e+05
       26.28   2.114e+05
       26.29   2.115e+05
        26.3   2.115e+05
       26.31   2.116e+05
       26.32   2.117e+05
       26.33   2.118e+05
       26.34   2.119e+05
       26.35    2.12e+05
       26.36   2.121e+05
       26.37   2.122e+05
       26.38   2.122e+05
       26.39   2.123e+05
        26.4   2.124e+05
       26.41   2.125e+05
       26.42   2.126e+05
       26.43   2.127e+05
       26.44   2.128e+05
       26.45   2.129e+05
       26.46   2.129e+05
       26.47    2.13e+05
       26.48   2.131e+05
       26.49   2.132e+05
        26.5   2.133e+05
       26.51   2.134e+05
       26.52   2.135e+05
       26.53   2.136e+05
       26.54   2.136e+05
       26.55   2.137e+05
       26.56   2.138e+05
       26.57   2.139e+05
       26.58    2.14e+05
       26.59   2.141e+05
        26.6   2.142e+05
       26.61   2.143e+05
       26.62   2.144e+05
       26.63   2.144e+05
       26.64   2.145e+05
       26.65   2.146e+05
       26.66   2.147e+05
       26.67   2.148e+05
       26.68   2.149e+05
       26.69    2.15e+05
        26.7   2.151e+05
       26.71   2.151e+05
       26.72   2.152e+05
       26.73   2.153e+05
       26.74   2.154e+05
       26.75   2.155e+05
       26.76   2.156e+05
       26.77   2.157e+05
       26.78   2.158e+05
       26.79   2.158e+05
        26.8   2.159e+05
       26.81    2.16e+05
       26.82   2.161e+05
       26.83   2.162e+05
       26.84   2.163e+05
       26.85   2.164e+05
       26.86   2.165e+05
       26.87   2.166e+05
       26.88   2.166e+05
       26.89   2.167e+05
        26.9   2.168e+05
       26.91   2.169e+05
       26.92    2.17e+05
       26.93   2.171e+05
       26.94   2.172e+05
       26.95   2.173e+05
       26.96   2.173e+05
       26.97   2.174e+05
       26.98   2.175e+05
       26.99   2.176e+05
          27   2.177e+05
       27.01   2.178e+05
       27.02   2.179e+05
       27.03    2.18e+05
       27.04    2.18e+05
       27.05   2.181e+05
       27.06   2.182e+05
       27.07   2.183e+05
       27.08   2.184e+05
       27.09   2.185e+05
        27.1   2.186e+05
       27.11   2.187e+05
       27.12   2.188e+05
       27.13   2.188e+05
       27.14   2.189e+05
       27.15    2.19e+05
       27.16   2.191e+05
       27.17   2.192e+05
       27.18   2.193e+05
       27.19   2.194e+05
        27.2   2.195e+05
       27.21   2.195e+05
       27.22   2.196e+05
       27.23   2.197e+05
       27.24   2.198e+05
       27.25   2.199e+05
       27.26     2.2e+05
       27.27   2.201e+05
       27.28   2.202e+05
       27.29   2.202e+05
        27.3   2.203e+05
       27.31   2.204e+05
       27.32   2.205e+05
       27.33   2.206e+05
       27.34   2.207e+05
       27.35   2.208e+05
       27.36   2.209e+05
       27.37    2.21e+05
       27.38    2.21e+05
       27.39   2.211e+05
        27.4   2.212e+05
       27.41   2.213e+05
       27.42   2.214e+05
       27.43   2.215e+05
       27.44   2.216e+05
       27.45   2.217e+05
       27.46   2.217e+05
       27.47   2.218e+05
       27.48   2.219e+05
       27.49    2.22e+05
        27.5   2.221e+05
       27.51   2.222e+05
       27.52   2.223e+05
       27.53   2.224e+05
       27.54   2.224e+05
       27.55   2.225e+05
       27.56   2.226e+05
       27.57   2.227e+05
       27.58   2.228e+05
       27.59   2.229e+05
        27.6    2.23e+05
       27.61   2.231e+05
       27.62   2.232e+05
       27.63   2.232e+05
       27.64   2.233e+05
       27.65   2.234e+05
       27.66   2.235e+05
       27.67   2.236e+05
       27.68   2.237e+05
       27.69   2.238e+05
        27.7   2.239e+05
       27.71   2.239e+05
       27.72    2.24e+05
       27.73   2.241e+05
       27.74   2.242e+05
       27.75   2.243e+05
       27.76   2.244e+05
       27.77   2.245e+05
       27.78   2.246e+05
       27.79   2.247e+05
        27.8   2.247e+05
       27.81   2.248e+05
       27.82   2.249e+05
       27.83    2.25e+05
       27.84   2.251e+05
       27.85   2.252e+05
       27.86   2.253e+05
       27.87   2.254e+05
       27.88   2.254e+05
       27.89   2.255e+05
        27.9   2.256e+05
       27.91   2.257e+05
       27.92   2.258e+05
       27.93   2.259e+05
       27.94    2.26e+05
       27.95   2.261e+05
       27.96   2.261e+05
       27.97   2.262e+05
       27.98   2.263e+05
       27.99   2.264e+05
          28   2.265e+05
       28.01   2.266e+05
       28.02   2.267e+05
       28.03   2.268e+05
       28.04   2.269e+05
       28.05   2.269e+05
       28.06    2.27e+05
       28.07   2.271e+05
       28.08   2.272e+05
       28.09   2.273e+05
        28.1   2.274e+05
       28.11   2.275e+05
       28.12   2.276e+05
       28.13   2.276e+05
       28.14   2.277e+05
       28.15   2.278e+05
       28.16   2.279e+05
       28.17    2.28e+05
       28.18   2.281e+05
       28.19   2.282e+05
        28.2   2.283e+05
       28.21   2.284e+05
       28.22   2.284e+05
       28.23   2.285e+05
       28.24   2.286e+05
       28.25   2.287e+05
       28.26   2.288e+05
       28.27   2.289e+05
       28.28    2.29e+05
       28.29   2.291e+05
        28.3   2.291e+05
       28.31   2.292e+05
       28.32   2.293e+05
       28.33   2.294e+05
       28.34   2.295e+05
       28.35   2.296e+05
       28.36   2.297e+05
       28.37   2.298e+05
       28.38   2.299e+05
       28.39   2.299e+05
        28.4     2.3e+05
       28.41   2.301e+05
       28.42   2.302e+05
       28.43   2.303e+05
       28.44   2.304e+05
       28.45   2.305e+05
       28.46   2.306e+05
       28.47   2.306e+05
       28.48   2.307e+05
       28.49   2.308e+05
        28.5   2.309e+05
       28.51    2.31e+05
       28.52   2.311e+05
       28.53   2.312e+05
       28.54   2.313e+05
       28.55   2.314e+05
       28.56   2.314e+05
       28.57   2.315e+05
       28.58   2.316e+05
       28.59   2.317e+05
        28.6   2.318e+05
       28.61   2.319e+05
       28.62    2.32e+05
       28.63   2.321e+05
       28.64   2.321e+05
       28.65   2.322e+05
       28.66   2.323e+05
       28.67   2.324e+05
       28.68   2.325e+05
       28.69   2.326e+05
        28.7   2.327e+05
       28.71   2.328e+05
       28.72   2.329e+05
       28.73   2.329e+05
       28.74    2.33e+05
       28.75   2.331e+05
       28.76   2.332e+05
       28.77   2.333e+05
       28.78   2.334e+05
       28.79   2.335e+05
        28.8   2.336e+05
       28.81   2.336e+05
       28.82   2.337e+05
       28.83   2.338e+05
       28.84   2.339e+05
       28.85    2.34e+05
       28.86   2.341e+05
       28.87   2.342e+05
       28.88   2.343e+05
       28.89   2.344e+05
        28.9   2.344e+05
       28.91   2.345e+05
       28.92   2.346e+05
       28.93   2.347e+05
       28.94   2.348e+05
       28.95   2.349e+05
       28.96    2.35e+05
       28.97   2.351e+05
       28.98   2.351e+05
       28.99   2.352e+05
          29   2.353e+05
       29.01   2.354e+05
       29.02   2.355e+05
       29.03   2.356e+05
       29.04   2.357e+05
       29.05   2.358e+05
       29.06   2.359e+05
       29.07   2.359e+05
       29.08    2.36e+05
       29.09   2.361e+05
        29.1   2.362e+05
       29.11   2.363e+05
       29.12   2.364e+05
       29.13   2.365e+05
       29.14   2.366e+05
       29.15   2.367e+05
       29.16   2.367e+05
       29.17   2.368e+05
       29.18   2.369e+05
       29.19    2.37e+05
        29.2   2.371e+05
       29.21   2.372e+05
       29.22   2.373e+05
       29.23   2.374e+05
       29.24   2.374e+05
       29.25   2.375e+05
       29.26   2.376e+05
       29.27   2.377e+05
       29.28   2.378e+05
       29.29   2.379e+05
        29.3    2.38e+05
       29.31   2.381e+05
       29.32   2.382e+05
       29.33   2.382e+05
       29.34   2.383e+05
       29.35   2.384e+05
       29.36   2.385e+05
       29.37   2.386e+05
       29.38   2.387e+05
       29.39   2.388e+05
        29.4   2.389e+05
       29.41   2.389e+05
       29.42    2.39e+05
       29.43   2.391e+05
       29.44   2.392e+05
       29.45   2.393e+05
       29.46   2.394e+05
       29.47   2.395e+05
       29.48   2.396e+05
       29.49   2.397e+05
        29.5   2.397e+05
       29.51   2.398e+05
       29.52   2.399e+05
       29.53     2.4e+05
       29.54   2.401e+05
       29.55   2.402e+05
       29.56   2.403e+05
       29.57   2.404e+05
       29.58   2.405e+05
       29.59   2.405e+05
        29.6   2.406e+05
       29.61   2.407e+05
       29.62   2.408e+05
       29.63   2.409e+05
       29.64    2.41e+05
       29.65   2.411e+05
       29.66   2.412e+05
       29.67   2.412e+05
       29.68   2.413e+05
       29.69   2.414e+05
        29.7   2.415e+05
       29.71   2.416e+05
       29.72   2.417e+05
       29.73   2.418e+05
       29.74   2.419e+05
       29.75    2.42e+05
       29.76    2.42e+05
       29.77   2.421e+05
       29.78   2.422e+05
       29.79   2.423e+05
        29.8   2.424e+05
       29.81   2.425e+05
       29.82   2.426e+05
       29.83   2.427e+05
       29.84   2.428e+05
       29.85   2.428e+05
       29.86   2.429e+05
       29.87    2.43e+05
       29.88   2.431e+05
       29.89   2.432e+05
        29.9   2.433e+05
       29.91   2.434e+05
       29.92   2.435e+05
       29.93   2.435e+05
       29.94   2.436e+05
       29.95   2.437e+05
       29.96   2.438e+05
       29.97   2.439e+05
       29.98    2.44e+05
       29.99   2.441e+05
          30   2.442e+05
